0.05000000000000001
0.05164952575881617
0.052241032583571406
0.052513048783792926
0.05387685884107615
0.05365224028644303
0.05368206655366499
0.05427578094133555
0.05302237676713199
0.0541677357500865
0.05412829704798169
0.054177004362487714
0.05583711549570307
0.055752157839013904
0.056796162733035095
0.05802368038789927
0.05787067637814483
0.058679427314664835
0.05894377663708544
0.058144063900274025
0.05910566607652493
0.05824463669614131
0.058767576548462805
0.05986066599720781
0.059402292198248295
0.060985813872820954
0.061759143922283134
0.06189790953256106
0.06308582481586332
0.06311313340772179
0.06304985100756977
0.06366157927945154
0.0628066524405526
0.06325882667319926
0.06346280756884719
0.0630039118604417
0.06462983864385385
0.06483236597419342
0.06551978413479209
0.06670052233621293
0.06663915690840744
0.06710170510958077
0.06754882622750627
0.06704266323497546
0.06731069169535991
0.06717142632400606
0.06643920162795786
0.06751856452800871
0.06724408507442901
0.06834023880150404
0.06931420860276463
0.06934529076405195
0.07010047671254142
0.07049198692052248
0.0700554318787421
0.0706008745402693
0.07023406707551917
0.0694938477854109
0.07019180903836218
0.06912720754054089
0.07019641903684878
0.07090510282368921
0.07095473488737719
0.07203675354531414
0.07222265984673001
0.07201578278438742
0.07280285086820952
0.07201658345254759
0.07184088877903144
0.07212329757649433
0.07053198601783713
0.07165548928591196
0.07152106820964481
0.07139176038206131
0.07289168702351562
0.0725925555145775
0.07302859895971654
0.07371993888324872
0.0727464487516137
0.07317674668418649
0.07283346097434787
0.07136687633202846
0.07240589003826152
0.07122653456586013
0.07129616990020428
0.07258490543015501
0.07160045145609292
0.07300006704054678
0.07332165133544963
0.07258037635846686
0.07340549910146141
0.07244162958964558
0.0715337664230933
0.07213603082323379
0.07018362883895389
0.07083030949051954
0.07109924650259689
0.06986039312819442
0.07177634193090687
0.07129828776421118
0.0714595453043219
0.07234816626966607
0.07103624104579369
0.07105323877009037
0.07081385278237338
0.06877345955791753
0.06971578223465502
0.06871429361115607
0.06797335325520057
0.06940363275697937
0.06832361432490125
0.06930833807993082
0.06960163815672478
0.06869168291322794
0.06938025794002506
0.06839801913157496
0.06728859569203222
0.06762564106724105
0.065938153737594
0.06571272415791192
0.06614606700110608
0.06489251867312627
0.0661961564839744
0.06587341889242564
0.06558668937677455
0.06617476497028647
0.0650713852868087
0.0649146094187149
0.06452624570506134
0.06303735754997976
0.06286875312324204
0.062257054030557965
0.06112797110184197
0.06222123024320098
0.06146501803876907
0.06184307916575816
0.062020718360323975
0.06115143531874026
0.06144134077642268
0.0606657082058154
0.059763818753849486
0.05943508396835815
0.05824146725995651
0.057268457613611545
0.05755272408612275
0.056680004579926044
0.0573935110137671
0.05716571051657206
0.05682327169494586
0.05711027437896091
0.05633047873759773
0.055905649070373195
0.05553327599019694
0.0543433117165987
0.053522048082630946
0.0530583234748568
0.05201506904310248
0.0522917916568458
0.05208472092519006
0.05202719049780827
0.05229558187003663
0.051727025705430016
0.051718653230135234
0.051361209250407026
0.0503446832883692
0.049968275267445475
0.04918289612693101
0.04796900828781622
0.04798322397976342
0.04738927950069258
0.04698319784514128
0.04756927296059812
0.04704662570646718
0.047585711808130905
0.04721888839092198
0.046657621396281636
0.04666913874778086
0.045624623586453465
0.04489153964491101
0.04481607232680065
0.0436874401199383
0.043542705210891784
0.04357878110718942
0.04299819752530091
0.04393684371742936
0.043571393873328916
0.04376166834012396
0.043873602127975385
0.04294890167874336
0.042955043537269574
0.04243234475191057
0.041513330386472896
0.041713298956177355
0.040979302906293855
0.04075049155395326
0.0413087347882203
0.041014495970774854
0.04191980143076719
0.04199797488799797
0.04168076842562423
0.04226395826776698
0.041393278827982764
0.041234389807068755
0.0412932837788417
0.04034288351132305
0.04062825376867957
0.040305859003027744
0.04033270534558186
0.041277026254421874
0.04115158937173844
0.04192484949165178
0.042624959236800146
0.04197989517063695
0.042870501155876574
0.042292582834322495
0.041945008566625364
0.0423361804540059
0.04137060271735148
0.04193020417549958
0.04203469288706669
0.04209923914353844
0.04344365198268399
0.04334114932377721
0.04404587691724175
0.0451809054302826
0.04458654829150288
0.0453705414593639
0.04526333543127246
0.04451505246961653
0.04526741528334972
0.04440363365044967
0.04512848254448498
0.04593832934908761
0.04566553262413556
0.0471946197737143
0.04761999225383335
0.047915421943827134
0.04918025202137389
0.04888065699417251
0.04904456538072482
0.049501147493345284
0.048362616671569096
0.04944746006183344
0.04924874465382816
0.04946128445491091
0.05097423441573039
0.050815439385566444
0.051932854351203185
0.053053094952940735
0.052903980671891324
0.05379536512421005
0.053970852494203435
0.053375735676225576
0.054259227047956486
0.053332631983750066
0.0540281297738735
0.05489583768768633
0.0545262350582394
0.05617134626799372
0.05680750675208095
0.05711492361995805
0.058332121006232314
0.05831227112617836
0.05847505968610651
0.059029572114135946
0.058323516871311
0.058816267385515035
0.058824828469357784
0.058546060864170815
0.06006187588202538
0.06020083943160049
0.06113795950587864
0.06228922978582519
0.06229463733334385
0.06293514088615146
0.0633733866334186
0.06299474512891182
0.06339734900348015
0.06326077338718673
0.06265425298514175
0.06360275278859932
0.0632493910863391
0.06450041142289557
0.06545717196352475
0.06563950520229374
0.06655008606581887
0.06693156888622072
0.06667177233554887
0.06735593634380656
0.06694203821384102
0.0665132183667163
0.06715792543508453
0.06601864980142277
0.06722456139676243
0.06779005685434276
0.06800773947785436
0.069262754933615
0.06940651662155942
0.06949660339561202
0.07031812822206313
0.0695491179325931
0.06971519356319932
0.0698722166118824
0.06844462383898943
0.06969344469766887
0.0692942537394868
0.06944258682790573
0.07097886882344581
0.07064834322927148
0.07145459664611828
0.0721048736310317
0.07128520840872822
0.0719511427492418
0.07148831176961475
0.07034314753729799
0.07136760722423281
0.070006320095809
0.07047475573831335
0.07156331526423113
0.07059288906821812
0.07235939225641971
0.07256504628611644
0.07216636572230184
0.07313643871900147
0.0720882184268402
0.07158951817771758
0.07205957579140473
0.07009108892184868
0.07109682153136815
0.0710199762704064
0.07006613749963088
0.07204502679284158
0.07141172705803964
0.0720342379212419
0.07285965754826228
0.07168064549181356
0.07210475835655189
0.07165693967711548
0.069895511747346
0.0709284598762336
0.06967058256251649
0.06933222120309308
0.07059210455489197
0.0694979512644314
0.07080527619956012
0.07096934992461222
0.07031762526359543
0.07112767853363579
0.07011520993459089
0.0694099051447791
0.06964806129946047
0.06794384043749643
0.06802003206450469
0.06820988647994257
0.06704505869146425
0.0685224314696409
0.06809788727442477
0.06811944085430614
0.0686963371953449
0.06763192567274166
0.06775523920631318
0.06727757124824076
0.06595843309879824
0.065921154409318
0.06510081411125991
0.06413267406259036
0.06520105128428363
0.06440115908744973
0.06507399015221454
0.06516533102238876
0.06444233309579037
0.06485436753620988
0.06403751880835457
0.06331497687051989
0.06303041710811412
0.06182687500461361
0.06093224601887556
0.06106843581253487
0.060177323534154704
0.06100829934267092
0.06075354711073901
0.06057978982710416
0.06087189207403294
0.06011124292996899
0.05980423860767887
0.059429932809535915
0.05824846152305117
0.057531235602596736
0.057038136014875895
0.05584578933115649
0.05613691047284831
0.05588938946311625
0.0558459487436907
0.056171762214759315
0.05558987789610515
0.05567482563115338
0.05525041701896261
0.05422876862003318
0.05390485023227533
0.05302379576430668
0.0517623782770583
0.051878275496147264
0.05105779611742501
0.050670313511600965
0.05122923135640421
0.05060513851790242
0.05122655259136232
0.05073677206883686
0.05018067884949665
0.050085903340847504
0.04892480822246543
0.048140953908681526
0.04797758795432587
0.04672161837066195
0.04660356508695998
0.04654039924669565
0.04583665699509627
0.04679647617452396
0.04629501383144642
0.04645358396176593
0.04637048455098998
0.045312575437165464
0.04514374883461913
0.04447813812224628
0.04337348033884798
0.043510278878627316
0.04267595842261561
0.04229789211328445
0.04286353504345893
0.042349262040378824
0.04324541097525013
0.04312383896243353
0.04264204818888657
0.04304718873661133
0.041940484365741805
0.041562992008870626
0.041457415440254435
0.040345780190221364
0.04048529465918127
0.04012368194860825
0.03992801379245766
0.040833769402505694
0.040450716538354234
0.04112960195014638
0.041558738027092416
0.040753136757845074
0.04152663486672692
0.04064314688310346
0.04017827649075118
0.040341945878959694
0.03932888223296293
0.03968512625987411
0.03974103524912995
0.039653225738877695
0.040838379968038206
0.04055133859733744
0.041078006313014184
0.04196228820487298
0.04123975402326899
0.04189946662342301
0.04157380630621733
0.04083712035109472
0.0413722946716429
0.04051696137288508
0.04110825973230944
0.04177881223432597
0.04148498268255792
0.04280690278957725
0.04308313759140654
0.04325298791109156
0.044360940396639535
0.0439222886381338
0.04407296756310128
0.04437465874332615
0.04331181549956336
0.044254129011149085
0.043949545882257954
0.044220569535655146
0.045559071361524414
0.045332173379543386
0.04640742002819915
0.04738235948319857
0.04719070077463494
0.04806259849277854
0.04810617329619289
0.0476457872355562
0.04838820636990376
0.047431902447480835
0.048188245949236465
0.048792390063046545
0.04855096448504927
0.05013541064255381
0.05064089291680054
0.05106807782799927
0.05222714460754491
0.052160034594916915
0.05245392771955792
0.05291610848907194
0.05234567772874957
0.05280861404729547
0.05269529424686719
0.052526790697570734
0.05382838638640374
0.05394889785302319
0.055038379721002825
0.056123906713555397
0.056205983287075455
0.05693095961023828
0.057337807528745406
0.057060745001532166
0.057541568418633365
0.057388980857770895
0.05692257030529789
0.05775302670215361
0.05731157712705618
0.05861533191266611
0.0595326057485854
0.05985919652388929
0.06086001971499348
0.06121378650480587
0.061125153834133486
0.06186983233081134
0.0614140732196997
0.061273768613466735
0.061820283420619924
0.06070112832143387
0.06200121672248199
0.06236892180065838
0.06275637471750949
0.06411331072503655
0.06423048810013969
0.06458999340716298
0.06538438562165623
0.06468365277739277
0.0651046629216145
0.06512739191645714
0.0639350815603613
0.0652079062111096
0.06459660111136009
0.06503383043999914
0.06651482176900869
0.06618653825159558
0.06731879814785353
0.06792459115940445
0.06729935305694378
0.06811827933590663
0.06755531058771906
0.06675505678716866
0.0677004197730437
0.06623294542703693
0.06706980834751734
0.06789481310176104
0.06703066629984337
0.06905219445787776
0.06910862421115274
0.06913220126120437
0.07018245594313403
0.06910425277007083
0.06901864986568623
0.069309429913707
0.06744320706095938
0.06871338277172351
0.0682999029650026
0.06772473308770657
0.06963933362808983
0.0689137303388596
0.0699647323133943
0.07067186271887121
0.06972250720303878
0.07046563444240977
0.06985267825984966
0.06848551863686374
0.06949659638566881
0.0680656275424226
0.06815080109272992
0.06917711629978485
0.06813875370423128
0.06972005309708144
0.0697694562893114
0.06943828404121896
0.07031323460127911
0.06930867001836478
0.06901908795280651
0.06913993840507295
0.06751467396215052
0.06787211816885734
0.06779326648953506
0.06680749178470985
0.0683908223529402
0.06789327566650626
0.06828353654263092
0.06881633787412618
0.06786477238629708
0.06826782430898799
0.06770369457495883
0.06664163366685316
0.06670069149066818
0.06573011098250287
0.0649716703585681
0.06592909814267925
0.06514629133535978
0.06611927112242
0.06613947874128287
0.06564929268782334
0.06616295342867075
0.06535458431639225
0.06486528317566173
0.06462591525409318
0.0634700242280574
0.0627189759998097
0.06271963457279474
0.06181610132591889
0.06273159972471785
0.0625021110877944
0.06254783477339866
0.06286387156664229
0.06217490809736126
0.0620490794962459
0.0616839971841658
0.06055883803407279
0.06002084277808386
0.059488887101564816
0.05823507918692953
0.0586109396688707
0.05827554294189437
0.05828639899234232
0.05871040261389385
0.058166109901108064
0.05841325854334929
0.05794928665776524
0.05701365016795891
0.05677672190779769
0.05581344854917814
0.05461881497821193
0.05480208688550606
0.05382374976010231
0.0535667547338467
0.05407238712215713
0.053428414421112416
0.05417686713659731
0.05363351028710061
0.05317944199625819
0.05301453841648547
0.051802129159663965
0.05105301998345554
0.05081520127245267
0.04947797635434841
0.049462708345045764
0.049299287501566876
0.04854533264650755
0.04957614211775851
0.049000110386762934
0.04923926906572227
0.04904351198691684
0.047915689131206515
0.047672699551513126
0.04688962163419975
0.04566069582922961
0.04581290571343597
0.044853520557170776
0.04444023738510622
0.04499134673991849
0.04431429587050921
0.04527987612813293
0.044964255991773276
0.044450900891936686
0.04476674328126916
0.04343543839831033
0.042952802050758486
0.042686904552805625
0.04143369206359402
0.04149337567593398
0.041071362205944935
0.04071166042057578
0.041596567797874774
0.04099056525943029
0.04160727160822809
0.04173916873811016
0.04081966475821222
0.04146347785126727
0.04032272045280065
0.03973955702761299
0.039689307710602646
0.03862474231406057
0.03876749578834417
0.03882422270021585
0.03854333448693763
0.0396023450274209
0.03913770992410578
0.03940297484137286
0.040068575954306934
0.03912000387542684
0.03956603403600231
0.03903848685742926
0.03821676425584856
0.0385266275569991
0.037706043789210796
0.038067270870747155
0.03868326351708051
0.03826925856158999
0.03935430771234248
0.039486124156360616
0.039395275576316745
0.04031487690329391
0.03965720843581324
0.03966690856266095
0.03977959927324453
0.038718388117057086
0.03945613408470086
0.0390918765003657
0.0393092990032759
0.04046841032064845
0.040169920346803244
0.04107637631087647
0.04188390059136443
0.041569239458453075
0.04231074538297644
0.04218410663844952
0.04176036522532779
0.042295820527192836
0.04134827242681794
0.042023260869141515
0.042352231311517156
0.04224599225418931
0.04363891393091055
0.044050767470623656
0.044487560188749414
0.04551161019318835
0.04538009948963914
0.045674391038424376
0.046015553527500766
0.04552345778402024
0.0458950341330615
0.04572814869392399
0.04558276441466792
0.04661092618857403
0.04674575763801163
0.047842907387121124
0.048846031019062854
0.04897315697757041
0.04967769829224366
0.05002640828220663
0.049797185583917256
0.050289199603405534
0.05008891557747267
0.049755464988749734
0.05047180790597753
0.04996408162617649
0.05122833717061463
0.052075444792773394
0.05249815376301278
0.05351992609811964
0.05382598659374187
0.05386412400441232
0.054589868221789024
0.054105375255923176
0.05418074377009667
0.054593372205579485
0.05357778338141598
0.05489443051630734
0.05506749195198909
0.05560635922505896
0.056977707353868035
0.05709504987082318
0.057642418847540906
0.058368692825342496
0.05776500405401553
0.05832776445891163
0.058227247104969126
0.057292327011822304
0.05849986973486509
0.057746423554795555
0.05843339859526869
0.05979150358486583
0.059472123074611506
0.06087140256043987
0.06143954995670637
0.06101572376258015
0.061914512857240735
0.06126984007238862
0.06079473648388869
0.06161250994153126
0.060120496408711345
0.06125265596266717
0.06178262091965973
0.06111634286685884
0.06324278493958957
0.06314146325414244
0.06360192463453332
0.06465460067271629
0.06362444396975443
0.0639080827034707
0.06399263630350155
0.062339379134252325
0.06374706641745738
0.06304715246996312
0.06289446399093426
0.0646359837095897
0.06388803774864084
0.06528759524412613
0.06585794611927955
0.0651983524773411
0.06613251194557096
0.0654213265371473
0.06450462668011157
0.0654018204247986
0.0638938215353127
0.06437740619052298
0.06513100063551414
0.06421767423771291
0.06599518139563461
0.06594806358129515
0.0659797365965258
0.06686084880758573
0.0659072489940299
0.06601324241873341
0.06599744497181681
0.06454967427379807
0.06512282418420973
0.06477516198674718
0.06405171942936583
0.06564622644784363
0.06511713545388606
0.06589402351499392
0.06635583870367671
0.06559593110587675
0.066231794375437
0.06560474890912445
0.06485812366887543
0.06496924149583289
0.06394143643277668
0.06340710075355654
0.06417916668864516
0.06346759650172076
0.06470090137962123
0.06468053305462085
0.06449140459833647
0.06506718861160155
0.06431824255430124
0.0640964332644757
0.06388864844478616
0.06282422391902504
0.06227484028996242
0.062173912972027796
0.06126268467217895
0.06222815402689741
0.06205436591925047
0.062343870644918774
0.06269898062040545
0.06212709368799062
0.06222130745428314
0.06186656863877513
0.06085433114062418
0.060526767777780946
0.05994518830580464
0.058738329093806954
0.05923714504374056
0.05878303471996313
0.05889779176676915
0.059425596727654885
0.05896932965097157
0.05941248876295149
0.05893765897723245
0.058174406232904256
0.058022117530458835
0.05701423549106835
0.055978175962975434
0.05618558642112711
0.055122110697244604
0.055068171563880636
0.05551070768821856
0.054908970602722026
0.0558177177709061
0.055295826655804486
0.05501727572329608
0.05481297575970693
0.05361578089384268
0.05297060099559193
0.05267450538588997
0.05130646118618112
0.05146213879911245
0.05118806619928717
0.05047197457896386
0.051587320580531185
0.050971897885131116
0.05140942577824126
0.051176068887979625
0.05005830928742893
0.04984712392685616
0.04896189101881465
0.04770875819094757
0.047923179827681135
0.04684476936605876
0.04652147276798353
0.047022992991396784
0.04627924989938782
0.04735665299454947
0.04687330287730876
0.04648284986666548
0.0467541847114152
0.04528466481300616
0.04484849027612793
0.044424641540281605
0.04310396940754242
0.043162917823536234
0.04267646928265298
0.04224683396570919
0.04313192822759793
0.04239474277304452
0.04301885405887741
0.04290421817560697
0.04193426961588055
0.0424725596049317
0.04116390017036476
0.040506823918688165
0.04031533713541584
0.03920981566890747
0.03919993747129334
0.039294183035454316
0.03884762855975107
0.0398657532333104
0.039240448025588494
0.039288784573409445
0.039799421958744474
0.03859433913800727
0.038851039323384046
0.03813266795037458
0.037172976356113295
0.03730407356964973
0.036514791688849836
0.03663806485599696
0.03728152625061471
0.0366878653585572
0.0375840631577221
0.03756837220083738
0.03716406036580832
0.03789888067336237
0.03697215863792959
0.03677456140998396
0.03667038590084822
0.03555686292410517
0.03604435458603035
0.03565357533503578
0.03573669797752321
0.036733461364452574
0.03636009747834147
0.03699309845112343
0.03763860897025024
0.03710129793267968
0.03761408399056397
0.0372882642119489
0.03678534586034064
0.03706567461047581
0.03616177751773471
0.03661076386839823
0.03670521045058098
0.03668731102107616
0.03776991573286624
0.03814823412018716
0.038426498054827375
0.03925874111497642
0.03900845437413982
0.0391530525566075
0.03934454805366616
0.03883722761095846
0.039062996009320054
0.03886892923634616
0.03868046999634311
0.03943376273067848
0.03959166378847627
0.040520926968265605
0.04143744703754705
0.04151421862288882
0.04208947748525637
0.04233535155544671
0.042067635887985885
0.04249355219208723
0.042211115968086604
0.04196850572111699
0.04255001015824094
0.04203796618265631
0.04318134981440691
0.043933361390233024
0.04436144728821559
0.04532029629751618
0.045547328403105304
0.045620277261205475
0.04624687027556911
0.04573989656216343
0.04591409286634254
0.04617916205312286
0.04531203402434068
0.04654037529747573
0.04658564588397392
0.04721089670344837
0.04851778370236726
0.04866107149039401
0.049259061993795664
0.04990364568717293
0.049372162569917145
