0.000000e+00 0.000000e+00
6.283185e+00 1.470718e-12
1.256637e+01 5.476206e-12
1.884956e+01 1.090609e-11
2.513274e+01 1.625771e-11
3.141593e+01 2.004832e-11
3.204425e+01 2.029557e-11
3.769911e+01 2.122712e-11
4.398230e+01 1.946874e-11
5.026548e+01 1.526109e-11
5.654867e+01 9.767912e-12
6.283185e+01 4.511728e-12
6.911504e+01 9.480690e-13
7.539822e+01 6.340553e-14
8.168141e+01 2.103769e-12
8.796459e+01 6.502751e-12
9.424778e+01 1.204314e-11
1.005310e+02 1.718870e-11
1.068142e+02 2.051671e-11
1.130973e+02 2.110355e-11
1.193805e+02 1.878523e-11
1.256637e+02 1.420764e-11
1.319469e+02 8.635990e-12
1.382301e+02 3.613892e-12
1.445133e+02 5.307981e-13
1.507964e+02 2.416778e-13
1.570796e+02 2.828356e-12
1.633628e+02 7.572496e-12
1.696460e+02 1.316033e-11
1.759292e+02 1.804501e-11
1.822124e+02 2.087248e-11
1.884956e+02 2.085986e-11
1.947787e+02 1.801175e-11
2.010619e+02 1.311624e-11
2.073451e+02 7.527844e-12
2.136283e+02 2.796541e-12
2.199115e+02 2.325242e-13
2.261947e+02 5.440820e-13
2.324779e+02 3.646153e-12
2.387610e+02 8.678520e-12
2.450442e+02 1.424783e-11
2.513274e+02 1.881336e-11
2.576106e+02 2.110824e-11
2.638938e+02 2.049818e-11
2.701770e+02 1.715142e-11
2.764602e+02 1.199459e-11
2.827433e+02 6.457652e-12
2.896548e+02 1.749234e-12
2.959380e+02 1.160946e-14
3.022212e+02 1.211180e-12
3.085044e+02 5.016963e-12
3.147876e+02 1.037361e-11
3.210708e+02 1.579836e-11
3.273540e+02 1.978833e-11
3.336371e+02 2.123829e-11
3.399203e+02 1.974736e-11
3.462035e+02 1.572625e-11
3.524867e+02 1.029056e-11
3.587699e+02 4.946301e-12
3.650531e+02 1.171998e-12
3.713363e+02 1.328391e-14
3.776194e+02 1.792657e-12
3.839026e+02 6.015042e-12
3.901858e+02 1.151402e-11
3.964690e+02 1.676407e-11
4.027522e+02 2.031176e-11
4.090354e+02 2.117488e-11
4.153185e+02 1.911543e-11
4.216017e+02 1.470249e-11
4.278849e+02 9.160425e-12
4.341681e+02 4.021340e-12
4.404513e+02 7.100750e-13
4.467345e+02 1.445601e-13
4.530177e+02 2.481523e-12
4.593008e+02 7.072954e-12
4.655840e+02 1.264684e-11
4.718672e+02 1.766078e-11
4.781504e+02 2.072512e-11
4.844336e+02 2.099147e-11
4.907168e+02 1.838705e-11
4.970000e+02 1.363174e-11
5.032831e+02 8.044688e-12
5.095663e+02 3.171393e-12
5.158495e+02 3.623492e-13
5.221327e+02 3.952799e-13
5.284159e+02 3.262594e-12
5.346991e+02 8.168151e-12
5.409823e+02 1.375387e-11
5.472654e+02 1.847378e-11
5.535486e+02 2.102005e-11
5.598318e+02 2.068639e-11
5.661150e+02 1.756702e-11
5.723982e+02 1.252416e-11
5.786814e+02 6.955073e-12
5.849646e+02 2.403271e-12
5.912477e+02 1.279274e-13
5.975309e+02 7.605315e-13
6.038141e+02 4.125713e-12
6.100973e+02 9.290473e-12
6.163805e+02 1.482540e-11
6.226637e+02 1.919625e-11
6.289468e+02 2.119352e-11
6.352300e+02 2.026410e-11
6.415132e+02 1.666494e-11
6.477964e+02 1.139212e-11
6.540796e+02 5.907542e-12
6.603628e+02 1.729810e-12
6.666460e+02 1.518161e-14
6.729291e+02 1.240538e-12
6.792123e+02 5.063735e-12
6.854955e+02 1.042731e-11
6.917787e+02 1.584614e-11
6.980619e+02 1.981925e-11
7.043451e+02 2.124699e-11
7.106283e+02 1.973151e-11
7.169114e+02 1.569387e-11
7.231946e+02 1.025350e-11
7.294778e+02 4.916273e-12
7.357610e+02 1.159718e-12
7.420442e+02 2.511663e-14
7.483274e+02 1.826035e-12
7.546106e+02 6.064940e-12
7.608937e+02 1.156604e-11
7.671769e+02 1.680648e-11
7.734601e+02 2.033598e-11
7.797433e+02 2.117388e-11
7.860265e+02 1.909053e-11
7.923097e+02 1.466398e-11
7.985929e+02 9.118340e-12
8.048760e+02 3.989748e-12
8.111592e+02 6.988004e-13
8.174424e+02 1.577324e-13
8.237256e+02 2.514453e-12
8.300088e+02 7.119280e-12
8.362920e+02 1.269472e-11
8.425751e+02 1.769762e-11
8.488583e+02 2.074198e-11
8.551415e+02 2.098466e-11
8.614247e+02 1.835668e-11
8.677079e+02 1.358865e-11
8.739911e+02 7.999367e-12
8.802743e+02 3.137346e-12
8.865574e+02 3.494002e-13
8.928406e+02 4.048800e-13
8.991238e+02 3.292399e-12
9.054070e+02 8.209788e-12
9.116902e+02 1.379528e-11
9.179734e+02 1.850225e-11
9.242566e+02 2.102686e-11
9.305397e+02 2.067065e-11
9.368229e+02 1.753051e-11
9.431061e+02 1.247805e-11
9.493893e+02 6.912319e-12
9.556725e+02 2.373354e-12
9.619557e+02 1.201133e-13
9.682389e+02 7.763829e-13
9.745220e+02 4.159983e-12
9.808052e+02 9.334902e-12
9.870884e+02 1.486636e-11
9.933716e+02 1.922326e-11
9.996548e+02 2.119799e-11
1.005938e+03 2.024423e-11
1.012221e+03 1.662631e-11
1.018504e+03 1.134635e-11
1.024788e+03 5.865681e-12
1.031071e+03 1.703354e-12
1.037354e+03 1.250250e-14
1.043637e+03 1.260631e-12
1.049920e+03 5.101354e-12
1.056203e+03 1.047174e-11
1.062487e+03 1.588454e-11
1.068770e+03 1.984180e-11
1.075053e+03 2.124487e-11
1.081336e+03 1.970673e-11
1.087619e+03 1.565369e-11
1.093903e+03 1.020784e-11
1.100186e+03 4.877984e-12
1.106469e+03 1.139960e-12
1.112752e+03 2.902366e-14
1.119035e+03 1.851821e-12
1.125318e+03 6.105461e-12
1.131602e+03 1.161214e-11
1.137885e+03 1.684522e-11
1.144168e+03 2.035463e-11
1.150451e+03 2.117019e-11
1.156734e+03 1.906464e-11
1.163018e+03 1.462178e-11
1.169301e+03 9.072907e-12
1.175584e+03 3.952576e-12
1.181867e+03 6.814978e-13
1.188150e+03 1.640953e-13
1.194434e+03 2.544147e-12
1.200717e+03 7.162146e-12
1.207000e+03 1.274049e-11
1.213283e+03 1.773368e-11
1.219566e+03 2.075794e-11
1.225849e+03 2.097584e-11
1.232133e+03 1.832799e-11
1.238416e+03 1.354757e-11
1.244699e+03 7.958064e-12
1.250982e+03 3.108880e-12
1.257265e+03 3.422559e-13
1.263549e+03 4.254199e-13
1.269832e+03 3.332474e-12
1.276115e+03 8.262031e-12
1.282398e+03 1.384652e-11
1.288681e+03 1.853987e-11
1.294964e+03 2.104372e-11
1.301248e+03 2.066105e-11
1.307531e+03 1.750115e-11
1.313814e+03 1.243809e-11
1.320097e+03 6.874365e-12
1.326380e+03 2.349019e-12
1.332664e+03 1.178807e-13
1.338947e+03 7.969227e-13
1.345230e+03 4.199723e-12
1.351513e+03 9.382344e-12
1.357796e+03 1.491057e-11
1.364080e+03 1.925173e-11
1.370363e+03 2.120547e-11
1.376646e+03 2.022893e-11
1.382929e+03 1.659383e-11
1.389212e+03 1.130605e-11
1.395495e+03 5.831188e-12
1.401779e+03 1.685493e-12
1.408062e+03 1.573975e-14
1.414345e+03 1.285413e-12
1.420628e+03 5.142992e-12
1.426911e+03 1.052007e-11
1.433195e+03 1.592606e-11
1.439478e+03 1.986547e-11
1.445761e+03 2.124576e-11
1.452044e+03 1.968563e-11
1.458327e+03 1.561629e-11
1.464610e+03 1.016565e-11
1.470894e+03 4.841816e-12
1.477177e+03 1.121541e-12
1.483460e+03 3.404698e-14
1.489743e+03 1.881180e-12
1.496026e+03 6.150560e-12
1.502310e+03 1.166182e-11
1.508593e+03 1.688797e-11
1.514876e+03 2.037930e-11
1.521159e+03 2.117231e-11
1.527442e+03 1.904399e-11
1.533726e+03 1.458629e-11
1.540009e+03 9.033502e-12
1.546292e+03 3.923552e-12
1.552575e+03 6.720093e-13
1.558858e+03 1.784955e-13
1.565141e+03 2.579422e-12
1.571425e+03 7.210705e-12
1.577708e+03 1.278972e-11
1.583991e+03 1.777096e-11
1.590274e+03 2.077525e-11
1.596557e+03 2.096837e-11
1.602841e+03 1.829986e-11
1.609124e+03 1.350739e-11
1.615407e+03 7.917096e-12
1.621690e+03 3.080192e-12
1.627973e+03 3.346651e-13
1.634256e+03 4.407131e-13
1.640540e+03 3.369312e-12
1.646823e+03 8.310032e-12
1.653106e+03 1.389340e-11
1.659389e+03 1.857391e-11
1.665672e+03 2.105644e-11
1.671956e+03 2.065167e-11
1.678239e+03 1.747146e-11
1.684522e+03 1.239701e-11
1.690805e+03 6.835406e-12
1.697088e+03 2.325911e-12
1.703372e+03 1.159830e-13
1.709655e+03 8.203649e-13
1.715938e+03 4.240803e-12
1.722221e+03 9.433247e-12
1.728504e+03 1.495645e-11
1.734787e+03 1.928298e-11
1.741071e+03 2.121317e-11
1.747354e+03 2.021319e-11
1.753637e+03 1.655934e-11
1.759920e+03 1.126241e-11
1.766203e+03 5.792676e-12
1.772487e+03 1.662832e-12
1.778770e+03 1.551649e-14
1.785053e+03 1.308855e-12
1.791336e+03 5.184295e-12
1.797619e+03 1.056852e-11
1.803903e+03 1.597038e-11
1.810186e+03 1.989282e-11
1.816469e+03 2.124978e-11
1.822752e+03 1.966632e-11
1.829035e+03 1.558090e-11
1.835318e+03 1.012501e-11
1.841602e+03 4.807992e-12
1.847885e+03 1.105913e-12
1.854168e+03 4.119127e-14
1.860451e+03 1.910092e-12
1.866734e+03 6.195770e-12
1.873018e+03 1.170937e-11
1.879301e+03 1.692515e-11
1.885584e+03 2.039805e-11
1.891867e+03 2.116584e-11
1.898150e+03 1.901675e-11
1.904433e+03 1.454588e-11
1.910717e+03 8.990301e-12
1.917000e+03 3.889393e-12
1.923283e+03 6.572742e-13
1.929566e+03 1.889887e-13
1.935849e+03 2.612129e-12
1.942133e+03 7.256250e-12
1.948416e+03 1.283627e-11
1.954699e+03 1.780713e-11
1.960982e+03 2.078998e-11
1.967265e+03 2.096111e-11
1.973549e+03 1.827140e-11
1.979832e+03 1.346631e-11
1.986115e+03 7.875793e-12
1.992398e+03 3.049940e-12
1.998681e+03 3.250650e-13
2.004964e+03 4.553365e-13
2.011248e+03 3.404029e-12
2.017531e+03 8.354683e-12
2.023814e+03 1.393761e-11
2.030097e+03 1.860562e-11
2.036380e+03 2.106492e-11
2.042664e+03 2.063604e-11
2.048947e+03 1.743574e-11
2.055230e+03 1.235169e-11
2.061513e+03 6.791759e-12
2.067796e+03 2.296330e-12
2.074079e+03 1.086155e-13
2.080363e+03 8.368860e-13
2.086646e+03 4.277641e-12
2.092929e+03 9.479797e-12
2.099212e+03 1.500121e-11
2.105495e+03 1.931201e-11
2.111779e+03 2.122020e-11
2.118062e+03 2.019578e-11
2.124345e+03 1.652362e-11
2.130628e+03 1.122055e-11
2.136911e+03 5.756285e-12
2.143195e+03 1.642181e-12
2.149478e+03 1.987004e-14
2.155761e+03 1.337767e-12
2.162044e+03 5.231180e-12
2.168327e+03 1.062199e-11
2.174610e+03 1.601659e-11
2.180894e+03 1.992173e-11
2.187177e+03 2.125458e-11
2.193460e+03 1.964779e-11
2.199743e+03 1.554641e-11
2.206026e+03 1.008527e-11
2.212310e+03 4.778410e-12
2.218593e+03 1.093969e-12
2.224876e+03 5.324725e-14
2.231159e+03 1.944027e-12
2.237442e+03 6.244775e-12
2.243725e+03 1.176217e-11
2.250009e+03 1.696980e-11
2.256292e+03 2.042462e-11
2.262575e+03 2.116807e-11
2.268858e+03 1.899632e-11
2.275141e+03 1.451004e-11
2.281425e+03 8.952571e-12
2.287708e+03 3.861486e-12
2.293991e+03 6.490137e-13
2.300274e+03 2.033889e-13
2.306557e+03 2.648632e-12
2.312841e+03 7.307599e-12
2.319124e+03 1.288918e-11
2.325407e+03 1.784977e-11
2.331690e+03 2.081354e-11
2.337973e+03 2.095865e-11
2.344256e+03 1.824851e-11
2.350540e+03 1.343103e-11
2.356823e+03 7.842527e-12
2.363106e+03 3.029735e-12
2.369389e+03 3.267394e-13
2.375672e+03 4.804532e-13
2.381956e+03 3.448904e-12
2.388239e+03 8.410945e-12
2.394522e+03 1.399164e-11
2.400805e+03 1.864647e-11
2.407088e+03 2.108446e-11
2.413371e+03 2.063236e-11
2.419655e+03 1.741196e-11
2.425938e+03 1.231853e-11
2.432221e+03 6.762736e-12
2.438504e+03 2.281148e-12
2.444787e+03 1.173226e-13
2.451071e+03 8.693702e-13
2.457354e+03 4.329102e-12
2.463637e+03 9.538625e-12
2.469920e+03 1.505580e-11
2.476203e+03 1.935219e-11
2.482487e+03 2.123683e-11
2.488770e+03 2.018774e-11
2.495053e+03 1.649682e-11
2.501336e+03 1.118527e-11
2.507619e+03 5.724805e-12
2.513902e+03 1.627557e-12
2.520186e+03 2.801899e-14
2.526469e+03 1.368800e-12
2.532752e+03 5.278622e-12
2.539035e+03 1.067691e-11
2.545318e+03 1.606627e-11
2.551602e+03 1.995522e-11
2.557885e+03 2.126608e-11
2.564168e+03 1.963573e-11
2.570451e+03 1.551728e-11
2.576734e+03 1.004978e-11
2.583017e+03 4.748605e-12
2.589301e+03 1.082024e-12
2.595584e+03 6.530323e-14
2.601867e+03 1.980195e-12
2.608150e+03 6.295678e-12
2.614433e+03 1.181676e-11
2.620717e+03 1.701635e-11
2.627000e+03 2.045208e-11
2.633283e+03 2.117265e-11
2.639566e+03 1.898024e-11
2.645849e+03 1.447990e-11
2.652133e+03 8.919417e-12
2.658416e+03 3.839049e-12
2.664699e+03 6.466694e-13
2.670982e+03 2.248217e-13
2.677265e+03 2.690493e-12
2.683548e+03 7.361404e-12
2.689832e+03 1.294299e-11
2.696115e+03 1.789029e-11
2.702398e+03 2.083329e-11
2.708681e+03 2.095664e-11
2.714964e+03 1.822451e-11
2.721248e+03 1.339453e-11
2.727531e+03 7.806025e-12
2.733814e+03 3.004618e-12
2.740097e+03 3.210463e-13
2.746380e+03 4.977557e-13
2.752663e+03 3.486411e-12
2.758947e+03 8.458499e-12
2.765230e+03 1.403807e-11
2.771513e+03 1.867873e-11
2.777796e+03 2.109551e-11
2.784079e+03 2.061785e-11
2.790363e+03 1.737814e-11
2.796646e+03 1.227433e-11
2.802929e+03 6.720093e-12
2.809212e+03 2.253352e-12
2.815495e+03 1.108480e-13
2.821779e+03 8.860030e-13
2.828062e+03 4.363819e-12
2.834345e+03 9.582272e-12
2.840628e+03 1.509543e-11
2.846911e+03 1.937508e-11
2.853194e+03 2.123851e-11
2.859478e+03 2.016597e-11
2.865761e+03 1.645876e-11
2.872044e+03 1.114051e-11
2.878327e+03 5.684730e-12
2.884610e+03 1.603334e-12
2.890894e+03 2.690270e-14
2.897177e+03 1.391015e-12
2.903460e+03 5.317357e-12
2.909743e+03 1.072100e-11
2.916026e+03 1.610210e-11
2.922309e+03 1.997341e-11
2.928593e+03 2.125961e-11
2.934876e+03 1.960604e-11
2.941159e+03 1.547128e-11
2.947442e+03 9.999097e-12
2.953725e+03 4.705516e-12
2.960009e+03 1.057354e-12
2.966292e+03 6.452183e-14
2.972575e+03 2.001516e-12
2.978858e+03 6.331288e-12
2.985141e+03 1.185572e-11
2.991425e+03 1.704526e-11
2.997708e+03 2.046190e-11
3.003991e+03 2.115802e-11
3.010274e+03 1.894251e-11
3.016557e+03 1.442699e-11
3.022840e+03 8.865500e-12
3.029124e+03 3.794508e-12
3.035407e+03 6.197667e-13
3.041690e+03 2.213612e-13
3.047973e+03 2.708800e-12
3.054256e+03 7.392884e-12
3.060540e+03 1.297826e-11
3.066823e+03 1.791463e-11
3.073106e+03 2.083664e-11
3.079389e+03 2.093532e-11
3.085672e+03 1.818209e-11
3.091955e+03 1.334106e-11
3.098239e+03 7.751326e-12
3.104522e+03 2.962534e-12
3.110805e+03 3.002832e-13
3.117088e+03 5.021093e-13
3.123371e+03 3.512979e-12
3.129655e+03 8.497792e-12
3.135938e+03 1.407625e-11
3.142221e+03 1.870385e-11
3.148504e+03 2.109786e-11
3.154787e+03 2.059575e-11
3.161071e+03 1.733818e-11
3.167354e+03 1.222599e-11
3.173637e+03 6.675553e-12
3.179920e+03 2.223770e-12
3.186203e+03 1.040387e-13
3.192486e+03 9.030823e-13
3.198770e+03 4.399987e-12
3.205053e+03 9.626478e-12
3.211336e+03 1.513506e-11
3.217619e+03 1.939941e-11
3.223902e+03 2.124018e-11
3.230186e+03 2.014666e-11
3.236469e+03 1.642036e-11
3.242752e+03 1.109507e-11
3.249035e+03 5.645883e-12
3.255318e+03 1.582124e-12
3.261601e+03 2.868877e-14
3.267885e+03 1.415573e-12
3.274168e+03 5.358660e-12
3.280451e+03 1.076755e-11
3.286734e+03 1.614285e-11
3.293017e+03 1.999529e-11
3.299301e+03 2.125927e-11
3.305584e+03 1.958282e-11
3.311867e+03 1.543009e-11
3.318150e+03 9.953552e-12
3.324433e+03 4.667228e-12
3.330717e+03 1.037149e-12
3.337000e+03 6.898700e-14
3.343283e+03 2.028754e-12
3.349566e+03 6.375381e-12
3.355849e+03 1.190439e-11
3.362132e+03 1.708478e-11
3.368416e+03 2.048255e-11
3.374699e+03 2.115356e-11
3.380982e+03 1.891483e-11
3.387265e+03 1.438680e-11
3.393548e+03 8.820401e-12
3.399832e+03 3.760796e-12
3.406115e+03 6.075991e-13
3.412398e+03 2.341986e-13
3.418681e+03 2.743517e-12
3.424964e+03 7.440326e-12
3.431247e+03 1.302515e-11
3.437531e+03 1.795035e-11
3.443814e+03 2.085272e-11
3.450097e+03 2.092539e-11
3.456380e+03 1.815162e-11
3.462663e+03 1.329797e-11
3.468947e+03 7.710023e-12
3.475230e+03 2.933845e-12
3.481513e+03 2.936971e-13
3.487796e+03 5.196351e-13
3.494079e+03 3.548812e-12
3.500363e+03 8.543784e-12
3.506646e+03 1.412113e-11
3.512929e+03 1.873645e-11
3.519212e+03 2.111092e-11
3.525495e+03 2.058514e-11
3.531778e+03 1.730703e-11
3.538062e+03 1.218402e-11
3.544345e+03 6.637376e-12
3.550628e+03 2.200440e-12
3.556911e+03 1.028107e-13
3.563194e+03 9.247384e-13
3.569478e+03 4.440955e-12
3.575761e+03 9.676488e-12
3.582044e+03 1.518060e-11
3.588327e+03 1.942944e-11
3.594610e+03 2.124599e-11
3.600893e+03 2.012768e-11
3.607177e+03 1.638352e-11
3.613460e+03 1.105076e-11
3.619743e+03 5.606924e-12
3.626026e+03 1.559575e-12
3.632309e+03 2.813062e-14
3.638593e+03 1.439573e-12
3.644876e+03 5.402084e-12
3.651159e+03 1.081756e-11
3.657442e+03 1.618728e-11
3.663725e+03 2.002342e-11
3.670009e+03 2.126508e-11
3.676292e+03 1.956596e-11
3.682575e+03 1.539962e-11
3.688858e+03 9.918724e-12
3.695141e+03 4.641441e-12
3.701424e+03 1.029558e-12
3.707708e+03 8.416861e-14
3.713991e+03 2.065703e-12
3.720274e+03 6.426508e-12
3.726557e+03 1.195931e-11
3.732840e+03 1.713032e-11
3.739124e+03 2.050834e-11
3.745407e+03 2.115825e-11
3.751690e+03 1.889898e-11
3.757973e+03 1.435666e-11
3.764256e+03 8.788029e-12
3.769911e+03 4.177844e-12
