3.063732176991907363e-01
3.064642732116838464e-01
3.122931976550293864e-01
3.383492072326620415e-01
3.439172504119835660e-01
3.493724073861361745e-01
3.661082084052869057e-01
3.745311578680034503e-01
3.782868499536528595e-01
3.924032496468743969e-01
3.963087221766616874e-01
4.035517769007337385e-01
4.158384214159956405e-01
4.348263654769107256e-01
4.376425628306441218e-01
4.419370394288652526e-01
4.475593228383780153e-01
4.938402819178323577e-01
5.051721974726038900e-01
5.117689226397243996e-01
5.121174462751699741e-01
5.478444636894346242e-01
5.494660013103803697e-01
6.052895844040775408e-01
7.009531985886849892e-01
7.133600018865299264e-01
7.178574989913724114e-01
7.269078182995646342e-01
7.302336648768832372e-01
7.374300690098688493e-01
7.411612008683333697e-01
7.439104458166352352e-01
7.450209042710549401e-01
7.470756020365821870e-01
7.480468320829158912e-01
7.481194087415813376e-01
7.607930279136216889e-01
7.610374797428981486e-01
7.620578089554624901e-01
7.672038982130875429e-01
7.710306792471546267e-01
7.718325828420897761e-01
7.734162760977426609e-01
7.777255182296398672e-01
7.794999913289724081e-01
7.800859060443302573e-01
7.987369577969457568e-01
7.993732710625163218e-01
8.167449104469280963e-01
8.191776663546893600e-01
8.222337808136507276e-01
8.281068500611694638e-01
8.368942212471034425e-01
8.456223528032290604e-01
8.536466963899430604e-01
8.727923294881095861e-01
8.746465120415128913e-01
8.746648070530698149e-01
8.824450974782925838e-01
8.896720606103031281e-01
8.916466708374904959e-01
8.920839147706638439e-01
9.002380458121709284e-01
9.047337486304599663e-01
9.083658853906922959e-01
9.107357745823674300e-01
9.193109548690313604e-01
9.330769075304805593e-01
9.464536897321659259e-01
9.485001457992142671e-01
9.548651513402892643e-01
9.767606780083716300e-01
9.785777522859755440e-01
9.799570311920605681e-01
9.808227720625383173e-01
9.825828602442863158e-01
9.835932931267434842e-01
9.909692138353572988e-01
1.014108105242225388e+00
1.019446202287922709e+00
1.021673016425819647e+00
1.049439835780890951e+00
1.053013542542798442e+00
1.069415414847080914e+00
1.070147787765783676e+00
1.074149366221908153e+00
1.089003286070370224e+00
1.099078492912810345e+00
1.132859089495218630e+00
1.162220005536484857e+00
1.188188079704798783e+00
1.195244239196054048e+00
1.253937098148136808e+00
1.258183510030215668e+00
1.265149907253441341e+00
1.277709542289976685e+00
1.280070342135149364e+00
1.287857980204755837e+00
1.297707222872704458e+00
1.311351793946309074e+00
1.324546647972865365e+00
1.324990757691987708e+00
1.338472275906644748e+00
1.338905904459509300e+00
1.352687590562220654e+00
1.356313506410165903e+00
1.357668792245861011e+00
1.362513283823448385e+00
1.370376126831633679e+00
1.372573434510300672e+00
1.420050562568221375e+00
1.425413381873271712e+00
1.453255102131351117e+00
1.467844103027693414e+00
1.487691774225775587e+00
1.498399396968898234e+00
1.501945794010371316e+00
1.504483094425101752e+00
1.527563707010497263e+00
1.553381547050386224e+00
1.571247794813789733e+00
1.598176530899969139e+00
1.617323122142210412e+00
1.641248875466722712e+00
1.687082064318946584e+00
1.689232878721349529e+00
1.716779388574968257e+00
1.729653824775341908e+00
1.731200024449387920e+00
1.753479646735193409e+00
1.811445834832328128e+00
1.830599190983278168e+00
1.837420278630708337e+00
1.860977972099494115e+00
1.881552018314176067e+00
1.917433435046313139e+00
1.926930799003920169e+00
1.933853283384313837e+00
1.959063134482307511e+00
1.968389110006233622e+00
