0.000000e+00 0.000000e+00
1.000000e+04 1.878440e-13
2.000000e+04 4.953291e-14
3.000000e+04 3.835625e-14
4.000000e+04 8.331689e-14
5.000000e+04 3.492705e-14
6.000000e+04 1.042604e-12
7.000000e+04 6.833001e-14
8.000000e+04 2.463945e-14
9.000000e+04 4.864385e-14
1.000000e+05 6.363073e-14
1.100000e+05 3.276792e-14
1.200000e+05 4.280151e-14
1.300000e+05 1.498688e-14
1.400000e+05 4.602750e-13
1.500000e+05 5.220006e-14
1.600000e+05 3.683216e-15
1.700000e+05 4.584969e-14
1.800000e+05 6.744096e-14
1.900000e+05 3.257741e-13
2.000000e+05 4.127742e-14
2.100000e+05 4.737378e-14
2.200000e+05 1.159578e-13
2.300000e+05 6.756796e-14
2.400000e+05 3.822924e-14
2.500000e+05 2.603653e-14
2.600000e+05 4.940590e-14
2.700000e+05 1.894951e-13
2.800000e+05 1.320878e-14
2.900000e+05 4.089640e-14
3.000000e+05 2.485536e-13
3.100000e+05 5.016794e-14
3.200000e+05 5.943949e-14
3.300000e+05 1.651097e-14
3.400000e+05 5.905847e-14
3.500000e+05 8.072594e-13
3.600000e+05 1.244673e-14
3.700000e+05 5.283510e-14
3.800000e+05 3.734019e-14
3.900000e+05 3.949932e-14
4.000000e+05 8.280886e-14
4.100000e+05 2.044820e-14
4.200000e+05 6.147161e-14
4.300000e+05 6.537074e-13
4.400000e+05 2.641755e-14
4.500000e+05 7.302929e-14
4.600000e+05 8.941325e-14
4.700000e+05 4.229348e-14
4.800000e+05 2.387740e-13
4.900000e+05 3.467303e-14
5.000000e+05 4.051538e-14
5.100000e+05 2.770033e-13
5.200000e+05 9.906581e-15
5.300000e+05 4.737378e-14
5.400000e+05 3.251391e-14
5.500000e+05 6.350373e-15
5.600000e+05 1.602834e-13
5.700000e+05 3.530807e-14
5.800000e+05 2.908471e-14
5.900000e+05 5.284780e-13
6.000000e+05 2.883069e-14
6.100000e+05 5.092999e-14
6.200000e+05 5.296211e-14
6.300000e+05 2.921171e-15
6.400000e+05 5.551496e-13
6.500000e+05 2.870368e-14
6.600000e+05 1.346279e-14
6.700000e+05 7.595046e-14
6.800000e+05 7.620447e-15
6.900000e+05 1.270075e-14
7.000000e+05 5.169203e-14
7.100000e+05 8.509499e-15
7.200000e+05 7.462958e-13
7.300000e+05 6.070956e-14
7.400000e+05 1.422483e-14
7.500000e+05 1.143067e-13
7.600000e+05 6.528183e-14
7.700000e+05 7.569644e-14
7.800000e+05 5.181904e-14
7.900000e+05 1.003359e-14
8.000000e+05 3.208208e-13
8.100000e+05 5.435919e-14
8.200000e+05 3.048179e-15
8.300000e+05 4.127742e-14
8.400000e+05 3.365697e-14
8.500000e+05 6.134460e-14
8.600000e+05 3.594311e-14
8.700000e+05 1.790805e-14
8.800000e+05 6.709804e-13
8.900000e+05 7.061614e-14
9.000000e+05 1.867010e-14
9.100000e+05 2.413142e-14
9.200000e+05 4.940590e-14
9.300000e+05 2.613813e-13
9.400000e+05 1.689199e-14
9.500000e+05 3.480004e-14
9.600000e+05 9.843078e-14
9.700000e+05 5.639131e-14
9.800000e+05 1.740002e-14
9.900000e+05 1.270075e-14
1.000000e+06 5.715335e-14
1.010000e+06 7.659819e-13
1.020000e+06 3.683216e-14
1.030000e+06 6.109058e-14
1.040000e+06 6.401176e-14
1.050000e+06 2.667156e-14
1.060000e+06 7.010811e-14
1.070000e+06 1.143067e-14
1.080000e+06 5.181904e-14
1.090000e+06 3.857216e-13
1.100000e+06 2.768762e-14
1.110000e+06 7.252126e-14
1.120000e+06 5.664532e-14
1.130000e+06 4.394458e-14
1.140000e+06 1.051622e-13
1.150000e+06 1.727301e-14
1.160000e+06 3.822924e-14
1.170000e+06 9.079763e-13
1.180000e+06 1.219272e-14
1.190000e+06 7.988769e-14
1.200000e+06 4.978692e-14
1.210000e+06 4.851685e-14
1.220000e+06 1.860659e-13
1.230000e+06 2.451244e-14
1.240000e+06 3.607012e-14
1.250000e+06 3.060880e-13
1.260000e+06 3.505406e-14
1.270000e+06 8.255484e-14
1.280000e+06 7.595046e-14
1.290000e+06 4.229348e-14
1.300000e+06 7.353731e-13
1.310000e+06 3.594311e-14
1.320000e+06 2.248032e-14
1.330000e+06 1.364060e-13
1.340000e+06 5.905847e-14
1.350000e+06 7.112417e-14
1.360000e+06 8.674609e-14
1.370000e+06 3.911830e-14
1.380000e+06 3.902939e-13
1.390000e+06 6.744096e-14
1.400000e+06 3.264092e-14
1.410000e+06 1.574892e-13
1.420000e+06 4.483363e-14
1.430000e+06 6.490081e-14
1.440000e+06 7.417235e-14
1.450000e+06 2.705259e-14
1.460000e+06 9.228361e-13
1.470000e+06 7.747455e-14
1.480000e+06 3.251391e-14
1.490000e+06 7.836360e-14
1.500000e+06 5.918547e-14
1.510000e+06 7.048914e-14
1.520000e+06 6.007452e-14
1.530000e+06 4.445261e-14
1.540000e+06 4.644663e-13
1.550000e+06 8.141178e-14
1.560000e+06 3.327595e-14
1.570000e+06 7.277527e-14
1.580000e+06 7.836360e-14
1.590000e+06 4.738648e-13
1.600000e+06 6.655191e-14
1.610000e+06 6.566285e-14
1.620000e+06 1.224352e-13
1.630000e+06 9.817676e-14
1.640000e+06 5.969350e-14
1.650000e+06 5.245408e-14
1.660000e+06 9.601763e-14
1.670000e+06 2.682397e-13
1.680000e+06 7.201323e-14
1.690000e+06 8.611105e-14
1.700000e+06 2.298835e-13
1.710000e+06 1.040191e-13
1.720000e+06 1.407243e-13
1.730000e+06 8.293587e-14
1.740000e+06 1.296746e-13
1.750000e+06 8.414244e-13
1.760000e+06 9.817676e-14
1.770000e+06 1.135447e-13
1.780000e+06 7.137819e-14
1.790000e+06 9.296946e-14
1.800000e+06 1.328498e-13
1.810000e+06 6.655191e-14
1.820000e+06 1.060512e-13
1.830000e+06 7.041293e-13
1.840000e+06 6.578986e-14
1.850000e+06 1.282775e-13
1.860000e+06 1.083374e-13
1.870000e+06 8.903222e-14
1.880000e+06 3.319975e-13
1.890000e+06 5.867744e-14
1.900000e+06 8.661908e-14
1.910000e+06 2.570631e-13
1.920000e+06 6.896505e-14
1.930000e+06 1.154498e-13
1.940000e+06 8.445996e-14
1.950000e+06 7.645849e-14
1.960000e+06 2.687478e-13
1.970000e+06 7.556943e-14
1.980000e+06 8.407893e-14
1.990000e+06 4.493524e-13
2.000000e+06 7.264826e-14
2.010000e+06 1.237053e-13
2.020000e+06 1.117666e-13
2.030000e+06 6.172562e-14
2.040000e+06 6.783468e-13
2.050000e+06 7.683951e-14
2.060000e+06 6.845702e-14
2.070000e+06 1.281505e-13
2.080000e+06 6.121759e-14
2.090000e+06 8.217382e-14
2.100000e+06 1.107505e-13
2.110000e+06 5.969350e-14
2.120000e+06 8.796536e-13
2.130000e+06 9.347748e-14
2.140000e+06 6.528183e-14
2.150000e+06 1.606644e-13
2.160000e+06 1.064322e-13
2.170000e+06 2.038470e-13
2.180000e+06 1.379301e-13
2.190000e+06 9.741472e-14
2.200000e+06 3.652734e-13
2.210000e+06 1.327228e-13
2.220000e+06 8.661908e-14
2.230000e+06 1.361520e-13
2.240000e+06 1.159578e-13
2.250000e+06 1.915272e-13
2.260000e+06 1.211651e-13
2.270000e+06 9.309646e-14
2.280000e+06 6.233526e-13
2.290000e+06 1.414863e-13
2.300000e+06 1.064322e-13
2.310000e+06 1.263724e-13
2.320000e+06 1.493608e-13
2.330000e+06 4.258560e-13
2.340000e+06 1.375491e-13
2.350000e+06 1.310717e-13
2.360000e+06 1.867010e-13
2.370000e+06 1.667608e-13
2.380000e+06 1.526630e-13
2.390000e+06 1.383111e-13
2.400000e+06 1.793345e-13
2.410000e+06 9.769413e-13
2.420000e+06 1.437724e-13
2.430000e+06 1.687929e-13
2.440000e+06 1.793345e-13
2.450000e+06 1.883521e-13
2.460000e+06 2.014338e-13
2.470000e+06 1.389462e-13
2.480000e+06 1.792075e-13
2.490000e+06 4.920269e-13
2.500000e+06 1.370410e-13
2.510000e+06 1.794615e-13
2.520000e+06 1.459316e-13
2.530000e+06 1.679039e-13
2.540000e+06 2.477915e-13
2.550000e+06 1.385651e-13
2.560000e+06 1.286585e-13
2.570000e+06 8.396463e-13
2.580000e+06 1.106235e-13
2.590000e+06 1.706980e-13
2.600000e+06 1.442805e-13
2.610000e+06 1.503768e-13
2.620000e+06 3.191697e-13
2.630000e+06 1.117666e-13
2.640000e+06 1.449155e-13
2.650000e+06 3.290763e-13
2.660000e+06 1.143067e-13
2.670000e+06 1.715871e-13
2.680000e+06 1.571082e-13
2.690000e+06 1.296746e-13
2.700000e+06 9.733851e-13
2.710000e+06 1.385651e-13
2.720000e+06 1.668878e-13
2.730000e+06 2.592222e-13
2.740000e+06 1.640936e-13
2.750000e+06 1.903842e-13
2.760000e+06 1.806046e-13
2.770000e+06 1.348819e-13
2.780000e+06 5.338123e-13
2.790000e+06 1.601564e-13
2.800000e+06 1.461856e-13
2.810000e+06 2.432193e-13
2.820000e+06 1.357710e-13
2.830000e+06 2.009258e-13
2.840000e+06 1.717141e-13
2.850000e+06 1.277695e-13
2.860000e+06 9.209310e-13
2.870000e+06 1.894951e-13
2.880000e+06 1.405972e-13
2.890000e+06 1.982586e-13
2.900000e+06 1.741272e-13
2.910000e+06 2.048630e-13
2.920000e+06 1.837798e-13
2.930000e+06 1.530440e-13
2.940000e+06 5.592138e-13
2.950000e+06 2.197229e-13
2.960000e+06 1.953375e-13
2.970000e+06 2.321696e-13
2.980000e+06 2.283594e-13
2.990000e+06 7.323250e-13
3.000000e+06 2.279784e-13
3.010000e+06 1.882250e-13
3.020000e+06 2.679857e-13
3.030000e+06 2.265813e-13
3.040000e+06 1.894951e-13
3.050000e+06 1.882250e-13
3.060000e+06 2.278514e-13
3.070000e+06 4.494794e-13
3.080000e+06 2.112134e-13
3.090000e+06 2.147696e-13
3.100000e+06 2.988485e-13
3.110000e+06 2.358528e-13
3.120000e+06 2.541419e-13
3.130000e+06 2.029579e-13
3.140000e+06 2.316616e-13
3.150000e+06 8.913383e-13
3.160000e+06 2.179448e-13
3.170000e+06 2.437273e-13
3.180000e+06 2.088003e-13
3.190000e+06 2.640485e-13
3.200000e+06 2.687478e-13
3.210000e+06 2.080382e-13
3.220000e+06 2.529988e-13
3.230000e+06 8.512039e-13
3.240000e+06 2.273433e-13
3.250000e+06 2.645565e-13
3.260000e+06 2.373769e-13
3.270000e+06 2.438543e-13
3.280000e+06 5.637861e-13
3.290000e+06 1.990207e-13
3.300000e+06 2.368689e-13
3.310000e+06 3.575260e-13
3.320000e+06 2.213740e-13
3.330000e+06 2.597302e-13
3.340000e+06 2.220090e-13
3.350000e+06 2.173098e-13
3.360000e+06 4.644663e-13
3.370000e+06 2.165477e-13
3.380000e+06 2.486806e-13
3.390000e+06 5.179364e-13
3.400000e+06 2.283594e-13
3.410000e+06 2.975785e-13
3.420000e+06 2.630324e-13
3.430000e+06 2.345828e-13
3.440000e+06 8.755894e-13
3.450000e+06 2.510937e-13
3.460000e+06 2.615083e-13
3.470000e+06 3.237420e-13
3.480000e+06 2.524908e-13
3.490000e+06 2.900850e-13
3.500000e+06 2.712879e-13
3.510000e+06 2.508397e-13
3.520000e+06 1.107886e-12
3.530000e+06 2.707799e-13
3.540000e+06 2.453784e-13
3.550000e+06 3.098982e-13
3.560000e+06 2.531259e-13
3.570000e+06 3.999465e-13
3.580000e+06 2.881799e-13
3.590000e+06 2.420762e-13
3.600000e+06 4.929159e-13
3.610000e+06 2.833536e-13
3.620000e+06 2.281054e-13
3.630000e+06 2.850047e-13
3.640000e+06 2.606193e-13
3.650000e+06 3.595581e-13
3.660000e+06 2.870368e-13
3.670000e+06 2.387740e-13
3.680000e+06 6.891424e-13
3.690000e+06 2.747171e-13
3.700000e+06 2.373769e-13
3.710000e+06 2.583332e-13
3.720000e+06 2.629054e-13
3.730000e+06 6.013803e-13
3.740000e+06 2.637945e-13
3.750000e+06 2.380120e-13
3.760000e+06 2.848777e-13
3.770000e+06 2.780193e-13
3.780000e+06 2.320426e-13
3.790000e+06 2.308995e-13
3.800000e+06 2.606193e-13
3.810000e+06 1.176597e-12
3.820000e+06 2.588412e-13
3.830000e+06 2.655726e-13
3.840000e+06 2.608733e-13
3.850000e+06 2.796704e-13
3.860000e+06 2.942763e-13
3.870000e+06 2.295025e-13
3.880000e+06 2.496967e-13
3.890000e+06 5.274619e-13
3.900000e+06 2.250572e-13
3.910000e+06 2.585872e-13
3.920000e+06 2.220090e-13
3.930000e+06 2.390280e-13
3.940000e+06 3.260281e-13
3.950000e+06 1.938134e-13
3.960000e+06 2.524908e-13
3.970000e+06 7.917645e-13
3.980000e+06 2.034659e-13
3.990000e+06 2.362339e-13
4.000000e+06 1.969886e-13
4.010000e+06 2.140076e-13
4.020000e+06 4.236969e-13
4.030000e+06 1.695549e-13
4.040000e+06 2.114674e-13
4.050000e+06 3.292033e-13
4.060000e+06 1.759053e-13
4.070000e+06 2.021959e-13
4.080000e+06 1.903842e-13
4.090000e+06 1.797155e-13
4.100000e+06 1.107632e-12
4.110000e+06 1.656177e-13
4.120000e+06 1.833988e-13
4.130000e+06 2.456324e-13
4.140000e+06 1.616805e-13
4.150000e+06 2.184528e-13
4.160000e+06 1.795885e-13
4.170000e+06 1.621885e-13
4.180000e+06 5.578167e-13
4.190000e+06 1.567272e-13
4.200000e+06 1.558381e-13
4.210000e+06 2.469025e-13
4.220000e+06 1.691739e-13
4.230000e+06 2.637945e-13
4.240000e+06 1.919083e-13
4.250000e+06 1.602834e-13
4.260000e+06 8.429485e-13
4.270000e+06 1.765404e-13
4.280000e+06 1.505038e-13
4.290000e+06 1.962265e-13
4.300000e+06 1.545681e-13
4.310000e+06 2.279784e-13
4.320000e+06 1.790805e-13
4.330000e+06 1.207841e-13
4.340000e+06 4.879626e-13
4.350000e+06 1.685389e-13
4.360000e+06 1.520279e-13
4.370000e+06 1.941944e-13
4.380000e+06 1.653637e-13
4.390000e+06 8.113236e-13
4.400000e+06 1.974966e-13
4.410000e+06 1.498688e-13
4.420000e+06 2.228981e-13
4.430000e+06 2.010528e-13
4.440000e+06 1.573622e-13
4.450000e+06 1.797155e-13
4.460000e+06 1.985126e-13
4.470000e+06 4.651013e-13
4.480000e+06 1.811126e-13
4.490000e+06 1.719681e-13
4.500000e+06 2.414412e-13
4.510000e+06 2.113404e-13
4.520000e+06 2.282324e-13
4.530000e+06 1.774294e-13
4.540000e+06 2.133725e-13
4.550000e+06 7.963367e-13
4.560000e+06 2.044820e-13
4.570000e+06 1.962265e-13
4.580000e+06 1.632046e-13
4.590000e+06 1.900031e-13
4.600000e+06 1.922893e-13
4.610000e+06 1.388191e-13
4.620000e+06 1.907652e-13
4.630000e+06 7.135279e-13
4.640000e+06 1.703170e-13
4.650000e+06 1.945754e-13
4.660000e+06 1.629506e-13
4.670000e+06 1.696820e-13
4.680000e+06 5.675963e-13
4.690000e+06 1.200220e-13
4.700000e+06 1.629506e-13
4.710000e+06 2.469025e-13
4.720000e+06 1.450425e-13
4.730000e+06 1.820017e-13
4.740000e+06 1.433914e-13
4.750000e+06 1.583783e-13
4.760000e+06 3.920720e-13
4.770000e+06 1.129096e-13
4.780000e+06 1.649827e-13
4.790000e+06 3.480004e-13
4.800000e+06 1.223082e-13
4.810000e+06 2.065141e-13
4.820000e+06 1.262454e-13
4.830000e+06 1.267534e-13
4.840000e+06 7.184812e-13
4.850000e+06 1.132906e-13
4.860000e+06 1.329768e-13
4.870000e+06 1.813666e-13
4.880000e+06 1.296746e-13
4.890000e+06 1.832718e-13
4.900000e+06 1.449155e-13
4.910000e+06 1.145607e-13
4.920000e+06 9.893881e-13
4.930000e+06 1.120206e-13
4.940000e+06 1.281505e-13
4.950000e+06 1.793345e-13
4.960000e+06 1.183709e-13
4.970000e+06 3.434282e-13
4.980000e+06 1.611725e-13
4.990000e+06 1.016060e-13
5.000000e+06 3.264092e-13
5.010000e+06 1.508849e-13
5.020000e+06 1.242133e-13
5.030000e+06 1.785725e-13
5.040000e+06 1.505038e-13
5.050000e+06 2.858938e-13
5.060000e+06 1.553301e-13
5.070000e+06 1.348819e-13
5.080000e+06 4.950750e-13
5.090000e+06 1.858119e-13
5.100000e+06 1.571082e-13
5.110000e+06 1.921623e-13
5.120000e+06 1.783185e-13
5.130000e+06 5.759788e-13
5.140000e+06 1.941944e-13
5.150000e+06 1.555841e-13
5.160000e+06 1.983856e-13
5.170000e+06 2.090543e-13
5.180000e+06 1.558381e-13
5.190000e+06 1.604104e-13
5.200000e+06 1.659987e-13
5.210000e+06 1.129604e-12
5.220000e+06 1.633316e-13
5.230000e+06 1.555841e-13
5.240000e+06 1.720951e-13
5.250000e+06 1.940674e-13
5.260000e+06 2.349638e-13
5.270000e+06 1.554571e-13
5.280000e+06 1.938134e-13
5.290000e+06 4.146793e-13
5.300000e+06 1.832718e-13
5.310000e+06 1.850499e-13
5.320000e+06 1.623155e-13
5.330000e+06 2.048630e-13
5.340000e+06 2.895770e-13
5.350000e+06 1.545681e-13
5.360000e+06 2.002908e-13
5.370000e+06 6.270358e-13
5.380000e+06 1.734922e-13
5.390000e+06 2.131185e-13
5.400000e+06 1.625695e-13
5.410000e+06 1.992747e-13
5.420000e+06 4.469392e-13
5.430000e+06 1.720951e-13
5.440000e+06 2.168017e-13
5.450000e+06 3.112953e-13
5.460000e+06 2.039740e-13
5.470000e+06 2.575711e-13
5.480000e+06 2.013068e-13
5.490000e+06 2.362339e-13
5.500000e+06 1.259787e-12
5.510000e+06 2.326777e-13
5.520000e+06 2.734470e-13
5.530000e+06 2.970704e-13
5.540000e+06 2.262003e-13
5.550000e+06 3.041828e-13
5.560000e+06 2.438543e-13
5.570000e+06 2.342017e-13
5.580000e+06 6.244956e-13
5.590000e+06 2.386470e-13
5.600000e+06 2.596032e-13
5.610000e+06 2.970704e-13
5.620000e+06 2.434733e-13
5.630000e+06 3.690837e-13
5.640000e+06 2.599843e-13
5.650000e+06 2.254382e-13
5.660000e+06 8.249134e-13
5.670000e+06 2.559200e-13
5.680000e+06 2.400441e-13
5.690000e+06 2.670967e-13
5.700000e+06 2.195959e-13
5.710000e+06 3.355537e-13
5.720000e+06 2.452514e-13
5.730000e+06 2.091813e-13
5.740000e+06 5.067597e-13
5.750000e+06 2.612543e-13
5.760000e+06 2.354718e-13
5.770000e+06 2.837346e-13
5.780000e+06 2.277244e-13
5.790000e+06 1.013265e-12
5.800000e+06 2.545229e-13
5.810000e+06 2.175638e-13
5.820000e+06 2.930062e-13
5.830000e+06 2.726850e-13
5.840000e+06 2.100703e-13
5.850000e+06 2.522368e-13
5.860000e+06 2.298835e-13
5.870000e+06 5.593408e-13
5.880000e+06 2.366149e-13
5.890000e+06 2.023229e-13
5.900000e+06 2.623974e-13
5.910000e+06 2.472835e-13
5.920000e+06 2.678587e-13
5.930000e+06 2.113404e-13
5.940000e+06 2.208660e-13
5.950000e+06 7.205133e-13
5.960000e+06 2.296295e-13
5.970000e+06 2.072762e-13
5.980000e+06 1.972426e-13
5.990000e+06 2.514748e-13
6.000000e+06 2.453784e-13
6.010000e+06 1.936864e-13
6.020000e+06 2.443623e-13
6.030000e+06 7.136549e-13
6.040000e+06 2.437273e-13
6.050000e+06 2.430923e-13
6.060000e+06 2.024499e-13
6.070000e+06 2.476645e-13
6.080000e+06 7.070505e-13
6.090000e+06 1.793345e-13
6.100000e+06 2.140076e-13
6.110000e+06 2.790354e-13
6.120000e+06 2.041010e-13
6.130000e+06 2.344558e-13
6.140000e+06 1.699360e-13
6.150000e+06 2.284864e-13
6.160000e+06 4.742458e-13
6.170000e+06 1.781915e-13
6.180000e+06 2.310266e-13
6.190000e+06 3.629873e-13
6.200000e+06 2.118484e-13
6.210000e+06 2.997376e-13
6.220000e+06 2.173098e-13
6.230000e+06 2.336937e-13
6.240000e+06 7.812228e-13
6.250000e+06 2.037200e-13
6.260000e+06 2.542689e-13
6.270000e+06 2.731930e-13
6.280000e+06 2.401711e-13
6.290000e+06 2.987215e-13
6.300000e+06 2.470295e-13
6.310000e+06 2.315346e-13
6.320000e+06 1.077912e-12
6.330000e+06 2.212470e-13
6.340000e+06 2.375039e-13
6.350000e+06 2.593492e-13
6.360000e+06 2.105784e-13
6.370000e+06 5.235247e-13
6.380000e+06 2.460134e-13
6.390000e+06 2.207390e-13
6.400000e+06 4.051538e-13
6.410000e+06 2.385200e-13
6.420000e+06 2.272163e-13
6.430000e+06 2.803054e-13
6.440000e+06 2.406791e-13
6.450000e+06 4.316983e-13
6.460000e+06 2.698908e-13
6.470000e+06 2.296295e-13
6.480000e+06 5.230167e-13
6.490000e+06 2.703989e-13
6.500000e+06 2.527448e-13
6.510000e+06 2.794164e-13
6.520000e+06 2.392820e-13
6.530000e+06 6.727585e-13
6.540000e+06 2.772573e-13
6.550000e+06 2.265813e-13
6.560000e+06 2.819565e-13
6.570000e+06 2.570631e-13
6.580000e+06 2.557930e-13
6.590000e+06 2.752251e-13
6.600000e+06 2.739551e-13
6.610000e+06 1.294841e-12
6.620000e+06 3.050719e-13
6.630000e+06 2.748441e-13
6.640000e+06 2.914821e-13
6.650000e+06 3.072310e-13
6.660000e+06 3.859756e-13
6.670000e+06 2.850047e-13
6.680000e+06 2.968164e-13
6.690000e+06 4.932969e-13
6.700000e+06 2.974515e-13
6.710000e+06 2.890690e-13
6.720000e+06 2.759872e-13
6.730000e+06 3.293303e-13
6.740000e+06 4.172195e-13
6.750000e+06 2.801784e-13
6.760000e+06 3.158675e-13
6.770000e+06 6.576446e-13
6.780000e+06 2.938952e-13
6.790000e+06 3.096442e-13
6.800000e+06 2.543959e-13
6.810000e+06 3.049449e-13
6.820000e+06 5.650562e-13
6.830000e+06 2.512207e-13
6.840000e+06 2.820836e-13
6.850000e+06 3.256471e-13
6.860000e+06 2.592222e-13
6.870000e+06 2.938952e-13
6.880000e+06 2.329317e-13
6.890000e+06 2.422032e-13
6.900000e+06 1.345771e-12
6.910000e+06 1.894951e-13
6.920000e+06 2.424572e-13
6.930000e+06 2.439813e-13
6.940000e+06 2.108324e-13
6.950000e+06 2.871638e-13
6.960000e+06 2.098163e-13
6.970000e+06 2.067681e-13
6.980000e+06 5.828372e-13
6.990000e+06 1.863199e-13
7.000000e+06 2.303915e-13
7.010000e+06 2.510937e-13
7.020000e+06 2.127375e-13
7.030000e+06 3.951202e-13
7.040000e+06 2.239141e-13
7.050000e+06 2.080382e-13
7.060000e+06 6.924446e-13
7.070000e+06 2.110864e-13
7.080000e+06 2.215010e-13
7.090000e+06 2.491886e-13
7.100000e+06 2.018148e-13
7.110000e+06 3.787362e-13
7.120000e+06 2.215010e-13
7.130000e+06 1.991477e-13
7.140000e+06 4.499874e-13
7.150000e+06 2.216280e-13
7.160000e+06 2.146426e-13
7.170000e+06 2.486806e-13
7.180000e+06 1.971156e-13
7.190000e+06 1.131890e-12
7.200000e+06 2.467755e-13
7.210000e+06 1.945754e-13
7.220000e+06 2.810675e-13
7.230000e+06 2.381390e-13
7.240000e+06 2.189608e-13
7.250000e+06 2.566821e-13
7.260000e+06 2.383930e-13
7.270000e+06 6.128110e-13
7.280000e+06 2.752251e-13
7.290000e+06 2.306455e-13
7.300000e+06 2.991026e-13
7.310000e+06 2.936412e-13
7.320000e+06 3.474924e-13
7.330000e+06 2.687478e-13
7.340000e+06 2.566821e-13
7.350000e+06 6.769497e-13
7.360000e+06 2.639215e-13
7.370000e+06 2.272163e-13
7.380000e+06 2.333127e-13
7.390000e+06 2.700178e-13
7.400000e+06 2.785273e-13
7.410000e+06 2.489346e-13
7.420000e+06 2.486806e-13
7.430000e+06 6.488811e-13
7.440000e+06 2.599843e-13
7.450000e+06 2.554120e-13
7.460000e+06 2.175638e-13
7.470000e+06 2.641755e-13
7.480000e+06 8.359631e-13
7.490000e+06 2.241682e-13
7.500000e+06 2.465215e-13
7.510000e+06 2.720500e-13
7.520000e+06 2.267083e-13
7.530000e+06 2.462675e-13
7.540000e+06 2.016878e-13
7.550000e+06 2.489346e-13
7.560000e+06 5.358444e-13
7.570000e+06 2.039740e-13
7.580000e+06 2.649375e-13
7.590000e+06 3.161215e-13
7.600000e+06 2.301375e-13
7.610000e+06 3.166296e-13
7.620000e+06 1.896221e-13
7.630000e+06 2.115944e-13
7.640000e+06 7.036213e-13
7.650000e+06 1.783185e-13
7.660000e+06 2.267083e-13
7.670000e+06 2.209930e-13
7.680000e+06 1.917813e-13
7.690000e+06 2.522368e-13
7.700000e+06 1.760323e-13
7.710000e+06 1.921623e-13
7.720000e+06 9.642406e-13
7.730000e+06 1.762863e-13
7.740000e+06 2.103243e-13
7.750000e+06 2.180718e-13
7.760000e+06 1.602834e-13
7.770000e+06 5.781379e-13
7.780000e+06 1.774294e-13
7.790000e+06 1.505038e-13
7.800000e+06 3.074850e-13
7.810000e+06 1.573622e-13
7.820000e+06 1.643476e-13
7.830000e+06 1.910192e-13
7.840000e+06 1.399622e-13
7.850000e+06 3.882618e-13
7.860000e+06 1.694279e-13
7.870000e+06 1.345009e-13
7.880000e+06 3.970253e-13
7.890000e+06 1.734922e-13
7.900000e+06 2.054981e-13
7.910000e+06 1.889871e-13
7.920000e+06 1.530440e-13
7.930000e+06 6.059526e-13
7.940000e+06 2.037200e-13
7.950000e+06 1.574892e-13
7.960000e+06 2.311536e-13
7.970000e+06 2.140076e-13
7.980000e+06 1.992747e-13
7.990000e+06 2.047360e-13
8.000000e+06 1.760323e-13
8.010000e+06 1.229813e-12
8.020000e+06 2.147696e-13
8.030000e+06 1.760323e-13
8.040000e+06 2.058791e-13
8.050000e+06 2.223900e-13
8.060000e+06 3.540968e-13
8.070000e+06 2.218820e-13
8.080000e+06 1.783185e-13
8.090000e+06 3.793713e-13
8.100000e+06 2.284864e-13
8.110000e+06 2.056251e-13
8.120000e+06 2.107054e-13
8.130000e+06 2.554120e-13
8.140000e+06 3.678136e-13
8.150000e+06 2.217550e-13
8.160000e+06 2.466485e-13
8.170000e+06 4.906298e-13
8.180000e+06 2.442353e-13
8.190000e+06 2.460134e-13
8.200000e+06 2.021959e-13
8.210000e+06 2.475375e-13
8.220000e+06 5.609919e-13
8.230000e+06 2.103243e-13
8.240000e+06 2.383930e-13
8.250000e+06 2.451244e-13
8.260000e+06 2.235331e-13
8.270000e+06 2.142616e-13
8.280000e+06 1.704440e-13
8.290000e+06 2.030849e-13
8.300000e+06 1.410291e-12
8.310000e+06 1.569812e-13
8.320000e+06 2.029579e-13
8.330000e+06 1.795885e-13
8.340000e+06 1.679039e-13
8.350000e+06 2.665886e-13
8.360000e+06 1.428834e-13
8.370000e+06 1.773024e-13
8.380000e+06 5.058707e-13
8.390000e+06 1.685389e-13
8.400000e+06 1.966075e-13
8.410000e+06 1.963535e-13
8.420000e+06 1.671418e-13
8.430000e+06 3.695917e-13
8.440000e+06 1.652367e-13
8.450000e+06 1.797155e-13
8.460000e+06 5.554036e-13
8.470000e+06 1.699360e-13
8.480000e+06 2.074032e-13
8.490000e+06 2.126105e-13
8.500000e+06 1.620615e-13
8.510000e+06 3.956282e-13
8.520000e+06 1.902572e-13
8.530000e+06 1.743812e-13
8.540000e+06 3.986764e-13
8.550000e+06 1.910192e-13
8.560000e+06 2.041010e-13
8.570000e+06 2.254382e-13
8.580000e+06 1.835258e-13
8.590000e+06 1.271980e-12
8.600000e+06 2.148966e-13
8.610000e+06 1.764134e-13
8.620000e+06 2.706529e-13
8.630000e+06 2.054981e-13
8.640000e+06 2.062601e-13
8.650000e+06 2.237871e-13
8.660000e+06 1.850499e-13
8.670000e+06 5.809321e-13
8.680000e+06 2.180718e-13
8.690000e+06 1.740002e-13
8.700000e+06 2.401711e-13
8.710000e+06 2.217550e-13
8.720000e+06 3.210748e-13
8.730000e+06 2.088003e-13
8.740000e+06 1.844148e-13
8.750000e+06 5.434649e-13
8.760000e+06 2.187068e-13
8.770000e+06 1.710790e-13
8.780000e+06 2.071492e-13
8.790000e+06 2.273433e-13
8.800000e+06 2.672237e-13
8.810000e+06 2.128645e-13
8.820000e+06 2.151506e-13
8.830000e+06 5.264459e-13
8.840000e+06 2.510937e-13
8.850000e+06 2.101973e-13
8.860000e+06 2.029579e-13
8.870000e+06 2.328047e-13
8.880000e+06 9.491267e-13
8.890000e+06 2.018148e-13
8.900000e+06 2.124835e-13
8.910000e+06 2.166747e-13
8.920000e+06 2.234061e-13
8.930000e+06 2.043550e-13
8.940000e+06 1.704440e-13
8.950000e+06 2.085462e-13
8.960000e+06 5.371145e-13
8.970000e+06 1.719681e-13
8.980000e+06 2.268353e-13
8.990000e+06 2.394090e-13
9.000000e+06 2.098163e-13
9.010000e+06 3.081201e-13
9.020000e+06 1.657447e-13
9.030000e+06 2.038470e-13
9.040000e+06 5.820752e-13
9.050000e+06 1.700630e-13
9.060000e+06 2.043550e-13
9.070000e+06 1.823827e-13
9.080000e+06 1.781915e-13
9.090000e+06 2.556660e-13
9.100000e+06 1.538060e-13
9.110000e+06 1.851769e-13
9.120000e+06 8.189441e-13
9.130000e+06 1.562192e-13
9.140000e+06 2.086732e-13
9.150000e+06 1.921623e-13
9.160000e+06 1.553301e-13
9.170000e+06 6.731395e-13
9.180000e+06 1.682849e-13
9.190000e+06 1.769214e-13
9.200000e+06 3.087551e-13
9.210000e+06 1.656177e-13
9.220000e+06 2.113404e-13
9.230000e+06 2.079112e-13
9.240000e+06 1.740002e-13
9.250000e+06 4.870736e-13
9.260000e+06 1.814936e-13
9.270000e+06 1.510119e-13
9.280000e+06 3.340296e-13
9.290000e+06 1.709520e-13
9.300000e+06 2.206119e-13
9.310000e+06 1.902572e-13
9.320000e+06 1.499958e-13
9.330000e+06 5.936328e-13
9.340000e+06 1.774294e-13
9.350000e+06 1.463126e-13
9.360000e+06 2.118484e-13
9.370000e+06 1.889871e-13
9.380000e+06 1.893681e-13
9.390000e+06 2.052440e-13
9.400000e+06 1.585053e-13
9.410000e+06 1.165547e-12
9.420000e+06 1.939404e-13
9.430000e+06 1.576162e-13
9.440000e+06 1.859389e-13
9.450000e+06 1.818747e-13
9.460000e+06 4.061698e-13
9.470000e+06 1.967345e-13
9.480000e+06 1.653637e-13
9.490000e+06 2.952923e-13
9.500000e+06 1.873360e-13
9.510000e+06 1.322148e-13
9.520000e+06 1.663798e-13
9.530000e+06 1.972426e-13
9.540000e+06 3.796253e-13
9.550000e+06 1.811126e-13
9.560000e+06 1.936864e-13
9.570000e+06 3.614632e-13
9.580000e+06 2.226441e-13
9.590000e+06 1.835258e-13
9.600000e+06 1.723491e-13
9.610000e+06 1.995287e-13
9.620000e+06 5.250488e-13
9.630000e+06 1.958455e-13
9.640000e+06 2.272163e-13
9.650000e+06 2.197229e-13
9.660000e+06 2.372499e-13
9.670000e+06 2.394090e-13
9.680000e+06 1.971156e-13
9.690000e+06 2.547769e-13
9.700000e+06 1.479637e-12
9.710000e+06 2.215010e-13
9.720000e+06 2.583332e-13
9.730000e+06 2.245492e-13
9.740000e+06 2.240411e-13
9.750000e+06 3.553669e-13
9.760000e+06 1.776834e-13
9.770000e+06 2.241682e-13
9.780000e+06 4.607830e-13
9.790000e+06 1.973696e-13
9.800000e+06 2.389010e-13
9.810000e+06 2.278514e-13
9.820000e+06 2.244222e-13
9.830000e+06 4.672604e-13
9.840000e+06 1.889871e-13
9.850000e+06 2.070221e-13
9.860000e+06 4.498604e-13
9.870000e+06 1.839068e-13
9.880000e+06 2.361069e-13
9.890000e+06 1.999097e-13
9.900000e+06 1.867010e-13
9.910000e+06 4.685305e-13
9.920000e+06 1.952105e-13
9.930000e+06 2.044820e-13
9.940000e+06 3.627333e-13
9.950000e+06 2.164207e-13
9.960000e+06 2.644295e-13
9.970000e+06 2.726850e-13
9.980000e+06 2.136265e-13
9.990000e+06 1.470492e-12
1.000000e+07 2.452514e-13
1.001000e+07 2.282324e-13
1.002000e+07 3.040558e-13
1.003000e+07 2.463945e-13
1.004000e+07 2.813215e-13
1.005000e+07 3.002456e-13
1.006000e+07 2.170557e-13
1.007000e+07 6.462139e-13
1.008000e+07 2.658266e-13
1.009000e+07 2.230251e-13
1.010000e+07 2.848777e-13
1.011000e+07 2.557930e-13
1.012000e+07 4.123932e-13
1.013000e+07 2.632864e-13
1.014000e+07 2.231521e-13
1.015000e+07 4.941860e-13
1.016000e+07 2.781463e-13
1.017000e+07 2.216280e-13
1.018000e+07 2.655726e-13
1.019000e+07 2.645565e-13
1.020000e+07 3.612092e-13
1.021000e+07 2.669697e-13
1.022000e+07 2.329317e-13
1.023000e+07 4.652283e-13
1.024000e+07 2.875449e-13
1.025000e+07 2.410601e-13
1.026000e+07 2.418222e-13
1.027000e+07 2.592222e-13
1.028000e+07 1.132017e-12
1.029000e+07 2.627784e-13
1.030000e+07 2.505857e-13
1.031000e+07 2.568091e-13
1.032000e+07 2.613813e-13
1.033000e+07 2.361069e-13
1.034000e+07 2.057521e-13
1.035000e+07 2.495696e-13
1.036000e+07 6.208124e-13
1.037000e+07 2.413142e-13
1.038000e+07 2.491886e-13
1.039000e+07 2.523638e-13
1.040000e+07 2.629054e-13
1.041000e+07 3.858486e-13
1.042000e+07 2.068951e-13
1.043000e+07 2.576981e-13
1.044000e+07 5.211116e-13
1.045000e+07 2.212470e-13
1.046000e+07 2.528718e-13
1.047000e+07 2.185798e-13
1.048000e+07 2.419492e-13
1.049000e+07 3.187887e-13
1.050000e+07 1.963535e-13
1.051000e+07 2.424572e-13
1.052000e+07 7.093366e-13
1.053000e+07 2.160397e-13
1.054000e+07 2.726850e-13
1.055000e+07 2.216280e-13
1.056000e+07 2.274703e-13
1.057000e+07 8.595864e-13
1.058000e+07 2.098163e-13
1.059000e+07 2.184528e-13
1.060000e+07 3.020237e-13
1.061000e+07 1.981316e-13
1.062000e+07 2.302645e-13
1.063000e+07 2.180718e-13
1.064000e+07 1.858119e-13
1.065000e+07 6.046825e-13
1.066000e+07 1.879710e-13
1.067000e+07 2.019418e-13
1.068000e+07 3.111683e-13
1.069000e+07 2.046090e-13
1.070000e+07 2.932602e-13
1.071000e+07 2.162937e-13
1.072000e+07 1.663798e-13
1.073000e+07 5.952839e-13
1.074000e+07 2.027039e-13
1.075000e+07 1.851769e-13
1.076000e+07 2.347098e-13
1.077000e+07 1.988937e-13
1.078000e+07 2.241682e-13
1.079000e+07 2.188338e-13
1.080000e+07 1.745082e-13
1.081000e+07 1.016060e-12
1.082000e+07 2.193419e-13
1.083000e+07 1.947024e-13
1.084000e+07 2.262003e-13
1.085000e+07 1.986397e-13
1.086000e+07 5.386386e-13
1.087000e+07 2.254382e-13
1.088000e+07 1.900031e-13
1.089000e+07 3.045639e-13
1.090000e+07 2.364879e-13
1.091000e+07 1.846688e-13
1.092000e+07 2.228981e-13
1.093000e+07 2.296295e-13
1.094000e+07 5.394007e-13
1.095000e+07 2.246762e-13
1.096000e+07 2.108324e-13
1.097000e+07 3.142164e-13
1.098000e+07 2.434733e-13
1.099000e+07 2.458864e-13
1.100000e+07 2.089273e-13
1.101000e+07 2.480456e-13
1.102000e+07 5.674693e-13
1.103000e+07 2.425842e-13
1.104000e+07 2.498237e-13
1.105000e+07 2.386470e-13
1.106000e+07 2.674777e-13
1.107000e+07 2.658266e-13
1.108000e+07 2.333127e-13
1.109000e+07 2.806865e-13
1.110000e+07 1.393653e-12
1.111000e+07 2.631594e-13
1.112000e+07 2.813215e-13
1.113000e+07 2.265813e-13
1.114000e+07 2.589682e-13
1.115000e+07 4.125202e-13
1.116000e+07 1.966075e-13
1.117000e+07 2.554120e-13
1.118000e+07 4.155684e-13
1.119000e+07 2.277244e-13
1.120000e+07 2.623974e-13
1.121000e+07 2.154046e-13
1.122000e+07 2.540149e-13
1.123000e+07 6.149701e-13
1.124000e+07 2.038470e-13
1.125000e+07 2.390280e-13
1.126000e+07 3.520647e-13
1.127000e+07 1.873360e-13
1.128000e+07 2.603653e-13
1.129000e+07 1.875900e-13
1.130000e+07 1.930513e-13
1.131000e+07 5.188254e-13
1.132000e+07 1.785725e-13
1.133000e+07 1.990207e-13
1.134000e+07 2.809405e-13
1.135000e+07 1.760323e-13
1.136000e+07 2.128645e-13
1.137000e+07 1.826367e-13
1.138000e+07 1.480907e-13
1.139000e+07 1.454997e-12
1.140000e+07 1.390732e-13
1.141000e+07 1.550761e-13
1.142000e+07 1.925433e-13
1.143000e+07 1.319607e-13
1.144000e+07 2.124835e-13
1.145000e+07 1.520279e-13
1.146000e+07 1.181169e-13
1.147000e+07 4.973612e-13
1.148000e+07 1.535520e-13
1.149000e+07 1.394542e-13
1.150000e+07 2.013068e-13
1.151000e+07 1.714601e-13
1.152000e+07 4.944400e-13
1.153000e+07 1.748893e-13
1.154000e+07 1.233242e-13
1.155000e+07 2.982135e-13
1.156000e+07 1.559652e-13
1.157000e+07 1.120206e-13
1.158000e+07 1.582513e-13
1.159000e+07 1.230702e-13
1.160000e+07 3.228529e-13
1.161000e+07 1.535520e-13
1.162000e+07 1.234512e-13
1.163000e+07 2.888149e-13
1.164000e+07 1.695549e-13
1.165000e+07 1.416133e-13
1.166000e+07 1.541870e-13
1.167000e+07 1.512659e-13
1.168000e+07 1.152720e-12
1.169000e+07 1.595214e-13
1.170000e+07 1.245943e-13
1.171000e+07 1.301826e-13
1.172000e+07 1.526630e-13
1.173000e+07 1.465666e-13
1.174000e+07 1.252293e-13
1.175000e+07 1.652367e-13
1.176000e+07 5.837263e-13
1.177000e+07 1.586323e-13
1.178000e+07 1.581243e-13
1.179000e+07 1.616805e-13
1.180000e+07 1.990207e-13
1.181000e+07 3.702267e-13
1.182000e+07 1.360250e-13
1.183000e+07 1.813666e-13
1.184000e+07 3.436822e-13
1.185000e+07 1.581243e-13
1.186000e+07 1.804776e-13
1.187000e+07 1.384381e-13
1.188000e+07 1.863199e-13
1.189000e+07 2.911011e-13
1.190000e+07 1.413593e-13
1.191000e+07 1.845418e-13
1.192000e+07 4.687845e-13
1.193000e+07 1.855579e-13
1.194000e+07 2.339477e-13
1.195000e+07 1.704440e-13
1.196000e+07 1.974966e-13
1.197000e+07 9.342668e-13
1.198000e+07 1.563462e-13
1.199000e+07 2.094353e-13
1.200000e+07 2.230251e-13
1.201000e+07 1.677768e-13
1.202000e+07 2.128645e-13
1.203000e+07 1.902572e-13
1.204000e+07 1.802236e-13
1.205000e+07 7.366432e-13
1.206000e+07 1.756513e-13
1.207000e+07 2.027039e-13
1.208000e+07 2.698908e-13
1.209000e+07 1.944484e-13
1.210000e+07 3.413960e-13
1.211000e+07 1.873360e-13
1.212000e+07 1.632046e-13
1.213000e+07 4.982502e-13
1.214000e+07 1.703170e-13
1.215000e+07 1.571082e-13
1.216000e+07 2.070221e-13
1.217000e+07 1.554571e-13
1.218000e+07 2.508397e-13
1.219000e+07 1.986397e-13
1.220000e+07 1.757783e-13
1.221000e+07 7.704272e-13
1.222000e+07 2.109594e-13
1.223000e+07 1.786995e-13
1.224000e+07 2.119754e-13
1.225000e+07 1.639666e-13
1.226000e+07 6.255117e-13
1.227000e+07 2.013068e-13
1.228000e+07 1.550761e-13
1.229000e+07 2.494426e-13
1.230000e+07 1.945754e-13
1.231000e+07 1.714601e-13
1.232000e+07 2.025769e-13
1.233000e+07 1.933053e-13
1.234000e+07 7.527732e-13
1.235000e+07 2.314076e-13
1.236000e+07 1.991477e-13
1.237000e+07 2.604923e-13
1.238000e+07 2.207390e-13
1.239000e+07 2.405521e-13
1.240000e+07 2.002908e-13
1.241000e+07 1.995287e-13
1.242000e+07 4.999013e-13
1.243000e+07 1.944484e-13
1.244000e+07 1.922893e-13
1.245000e+07 1.977506e-13
1.246000e+07 2.302645e-13
1.247000e+07 2.171827e-13
1.248000e+07 2.068951e-13
1.249000e+07 2.242952e-13
1.250000e+07 1.092391e-12
